-19
-9
20
8
0000000000000000000000000000000000000000
0000000000000000000000000000001000000000
0000000000000000000011111110001000000000
0000000000000000000011111110001000000000
0000000000000000000011111110001000000000
0000000000000000000011111110001000000000
0000000000000001000011111110001000000000
0000000000000000000011111110001000000000
0000000000000000000000000000001000000000
0000000000000000000000000000001000000000
0000000000000000000000000000001000000000
0000000000000000000000000000001000000000
0000000000000000000000100000001000000000
0000000000000000000000000000001000000000
0000000000000000000000000000001000000000
0000000000000000000000000000001000000000
0000000000000000000000000000001000000000
0000000000000000000000000000001000000000
